0.01899475901868226
0.03798957735874553
0.03798957735874552
0.06242181289131617
0.07054201562165432
0.06242181289131615
0.0923629370588766
0.1112149397812513
0.1112149397812513
0.0923629370588766
0.1280818447265626
0.1600965941735723
0.1706521119774668
0.1600965941735723
0.1280818447265626
0.1703269102656683
0.2176233440813085
0.2406453019258683
0.2406453019258683
0.2176233440813085
0.1703269102656683
0.2208650023450016
0.2850649221220846
0.3215254561588108
0.3333301284009005
0.3215254561588108
0.2850649221220846
0.2208650023450016
0.2835538896643367
0.3653797959512455
0.4146699384403822
0.4378202271450429
0.4378202271450429
0.4146699384403822
0.3653797959512455
0.2835538896643367
0.3667983319206388
0.4647267234687544
0.5233990724835579
0.5548311566781482
0.5647455812096993
0.5548311566781482
0.5233990724835579
0.4647267234687544
0.3667983319206388
0.490501907568931
0.5952094169978512
0.6540204001276115
0.6867671930518513
0.7015858422482695
0.7015858422482695
0.6867671930518513
0.6540204001276114
0.5952094169978512
0.490501907568931
