0.01096790954748714
0.02193584923509244
0.02193584923509244
0.03603942317747084
0.04073620856104206
0.03603942317747084
0.05329177237496185
0.06423350478670405
0.06423350478670405
0.05329177237496185
0.07374215472596869
0.09244406925609584
0.09865648522539272
0.09244406925609584
0.07374215472596869
0.09752641106394566
0.1254488693012046
0.1392921805723934
0.1392921805723934
0.1254488693012046
0.09752641106394566
0.1249571406110855
0.1634842772619219
0.1862047615502709
0.1937074494150376
0.1862047615502709
0.1634842772619219
0.1249571406110855
0.1566770214880206
0.2070983931208308
0.2396707730774381
0.2556258394059528
0.2556258394059527
0.239670773077438
0.2070983931208308
0.1566770214880206
0.1939226558125315
0.257407304476122
0.3003945269636533
0.3252176904656019
0.3333294609761166
0.3252176904656019
0.3003945269636532
0.257407304476122
0.1939226558125315
0.2390101158612756
0.316519185603629
0.3698326824914699
0.403141137882808
0.4191453429423594
0.4191453429423594
0.403141137882808
0.3698326824914699
0.316519185603629
0.2390101158612756
0.2963343344211453
0.3882746935405326
0.4506682128899407
0.4908664590187501
0.5133909919820629
0.5206483718599358
0.5133909919820629
0.4908664590187502
0.4506682128899408
0.3882746935405326
0.2963343344211452
0.3747569825704261
0.479630099203967
0.547486647924731
0.5910302066386194
0.6171362541136906
0.6294092058072023
0.6294092058072023
0.6171362541136907
0.5910302066386194
0.5474866479247311
0.479630099203967
0.3747569825704261
0.49451550917257
0.6033051144001003
0.6676231253991907
0.7076939845376309
0.7323302327970784
0.7457910670618493
0.7500800291717578
0.7457910670618493
0.7323302327970784
0.7076939845376309
0.6676231253991906
0.6033051144001003
0.49451550917257
