0.007989813728100297
0.01597964798571842
0.01597964798571842
0.02625304864846348
0.02967582874386225
0.02625304864846348
0.03881502451212631
0.04679489498214176
0.04679489498214176
0.03881502451212632
0.05368430261027734
0.06734308359889447
0.07188779774948055
0.06734308359889447
0.05368430261027733
0.07091240972214721
0.09135125178196443
0.1015256317929418
0.1015256317929418
0.09135125178196443
0.07091240972214721
0.09061730115781184
0.1189094888977651
0.1357330758378399
0.1413134985320432
0.1357330758378399
0.1189094888977651
0.09061730115781183
0.1130385920489043
0.1502263362364516
0.1746170986835958
0.186682124943893
0.186682124943893
0.1746170986835958
0.1502263362364516
0.1130385920489042
0.1386261506819054
0.1857235020057673
0.218452605346831
0.2376996590628922
0.2440480579836274
0.2376996590628922
0.2184526053468309
0.1857235020057673
0.1386261506819054
0.1681847687282087
0.2261842117428757
0.267813686699619
0.294636067840073
0.3077628131133701
0.30776281311337
0.294636067840073
0.267813686699619
0.2261842117428756
0.1681847687282087
0.2031237619112747
0.2729900151421063
0.3237676872329162
0.3581187442533897
0.3779697120983955
0.3844614428506183
0.3779697120983955
0.3581187442533897
0.3237676872329162
0.2729900151421063
0.2031237619112747
0.2459259777761825
0.328518304473667
0.3881618385318459
0.4293382666328976
0.4551878103970335
0.4676522404744777
0.4676522404744777
0.4551878103970336
0.4293382666328976
0.3881618385318459
0.328518304473667
0.2459259777761824
0.301132284175941
0.3968557455992221
0.464052889717016
0.5103044165280768
0.5404897768113037
0.5575588874923473
0.5630841630680867
0.5575588874923472
0.5404897768113037
0.5103044165280768
0.464052889717016
0.396855745599222
0.301132284175941
0.3777193235571299
0.4851605269287424
0.5563447988659762
0.6041326685544726
0.6356516074565367
0.6548983119661864
0.6640417204611706
0.6640417204611705
0.6548983119661864
0.6356516074565367
0.6041326685544726
0.5563447988659762
0.4851605269287423
0.3777193235571299
0.4960046376713259
0.6062992681872221
0.6726119519564944
0.7152553187821047
0.743187381812777
0.7608975708345709
0.7707508487744894
0.7739169617267736
0.7707508487744894
0.7608975708345709
0.743187381812777
0.7152553187821047
0.6726119519564944
0.6062992681872221
0.4960046376713259
