0.006000226891402069
0.01200046824529392
0.01200046824529392
0.01971539452718425
0.02228632186880977
0.01971539452718425
0.02914711403804167
0.03514317819606699
0.03514317819606699
0.02914711403804168
0.04030348132062933
0.0505736672409311
0.05399361691082056
0.05057366724093111
0.04030348132062933
0.05320607178711998
0.06859074454589158
0.0762641653792366
0.0762641653792366
0.06859074454589158
0.05320607178711997
0.06790414740543169
0.08923221179651231
0.1019652343899127
0.1061979771126321
0.1019652343899127
0.08923221179651231
0.06790414740543167
0.08449722412984451
0.1125854828569343
0.1311420108466357
0.140364791921492
0.140364791921492
0.1311420108466357
0.1125854828569343
0.08449722412984451
0.1031700503119124
0.1388267110335312
0.163911053420907
0.1787938499167787
0.1837254975518494
0.1787938499167787
0.163911053420907
0.1388267110335312
0.1031700503119124
0.1242463016325389
0.1682802916930067
0.2005166463770305
0.2216022193544486
0.2320182007742754
0.2320182007742754
0.2216022193544486
0.2005166463770305
0.1682802916930067
0.1242463016325389
0.1482726538139073
0.2015087833024794
0.241413740089017
0.2690664764634742
0.2853077970154493
0.290662396940527
0.2853077970154494
0.2690664764634743
0.241413740089017
0.2015087833024795
0.1482726538139073
0.1761566143632897
0.2394518233145255
0.2873883507631981
0.3217224917948808
0.3438366719912718
0.354661593016406
0.3546615930164059
0.3438366719912718
0.3217224917948808
0.2873883507631982
0.2394518233145256
0.1761566143632897
0.2094082458992562
0.2836505749216827
0.3397343837755381
0.3804994415255646
0.4081309443057768
0.4241314862593774
0.4293704128445321
0.4241314862593774
0.4081309443057768
0.3804994415255646
0.3397343837755381
0.2836505749216827
0.2094082458992562
0.2506017724237911
0.3366324587964183
0.4005202880201667
0.4468963193711364
0.4791247693533256
0.4994715048243414
0.5093185474816916
0.5093185474816915
0.4994715048243414
0.4791247693533256
0.4468963193711364
0.4005202880201667
0.3366324587964183
0.2506017724237911
0.3043544465765922
0.4026138619413518
0.4730003065174682
0.5232080980428914
0.5582914562149622
0.5814595600886542
0.5946643958262748
0.5989556454952449
0.5946643958262748
0.5814595600886541
0.5582914562149622
0.5232080980428913
0.4730003065174682
0.4026138619413518
0.3043544465765922
0.3797012273394524
0.488855480890706
0.5622389300486802
0.6127885224229673
0.6477521090147882
0.6713083766820409
0.6858974168538321
0.6928843000739122
0.6928843000739121
0.685897416853832
0.6713083766820408
0.6477521090147882
0.6127885224229672
0.5622389300486802
0.488855480890706
0.3797012273394524
0.4969994955901353
0.6082967839460831
0.6759277862163772
0.7202478459087578
0.7502841419504309
0.7706324234145503
0.7838177155584294
0.7912506143850453
0.7936539103977012
0.7912506143850453
0.7838177155584292
0.7706324234145503
0.7502841419504309
0.7202478459087578
0.6759277862163772
0.6082967839460832
0.4969994955901353
