0.004087442593463709
0.008174894030820227
0.008174894030820225
0.01343030195152645
0.01518187485409341
0.01343030195152645
0.01985433383382841
0.02394047539299063
0.02394047539299064
0.01985433383382841
0.02744945627899202
0.03445153128471477
0.03678447596919045
0.03445153128471477
0.02744945627899202
0.03622242676594097
0.04671911318800238
0.05196152385475559
0.05196152385475559
0.04671911318800238
0.03622242676594097
0.04618863951368776
0.06075507522980296
0.06947490578968563
0.07237786391330776
0.06947490578968563
0.06075507522980296
0.04618863951368776
0.05737907309186765
0.07658679662009454
0.08933885507493014
0.09569733706858616
0.09569733706858616
0.08933885507493014
0.07658679662009454
0.05737907309186766
0.06985081156558334
0.09426931119191174
0.111590150007959
0.1219292551282535
0.1253662284089937
0.1219292551282535
0.111590150007959
0.09426931119191176
0.06985081156558334
0.08370250619980042
0.1139033743679908
0.1363060155370036
0.1511111012046595
0.158472344278392
0.1584723442783921
0.1511111012046595
0.1363060155370036
0.1139033743679908
0.08370250619980042
0.09909689276676559
0.1356616663429146
0.1636303079943681
0.1833323150882185
0.1950370600509782
0.1989186436718864
0.1950370600509782
0.1833323150882184
0.1636303079943681
0.1356616663429146
0.09909689276676557
0.116293928137998
0.1598265771973807
0.193810718484789
0.2187682412682388
0.2351417271661481
0.2432468414634743
0.2432468414634743
0.2351417271661481
0.2187682412682388
0.193810718484789
0.1598265771973807
0.116293928137998
0.1357009518927405
0.1868454258567961
0.2272512042187047
0.2577267970101025
0.2789681547178111
0.2914983864743735
0.2956390586725129
0.2914983864743735
0.278968154717811
0.2577267970101025
0.2272512042187048
0.1868454258567961
0.1357009518927405
0.1579519890120485
0.2174136098888588
0.2645866378442097
0.3007115355521215
0.3268514905111017
0.3438229219431432
0.3521722969410912
0.3521722969410912
0.3438229219431432
0.3268514905111018
0.3007115355521215
0.2645866378442097
0.2174136098888588
0.1579519890120485
0.1840402913537789
0.2526052660642058
0.3067917130528624
0.3485067732051434
0.379346843386439
0.4005333030240062
0.4129145687090742
0.4169872466291875
0.4129145687090743
0.4005333030240063
0.379346843386439
0.3485067732051435
0.3067917130528625
0.2526052660642057
0.1840402913537788
0.2155550585821697
0.2940892934913304
0.3553449851600143
0.402293395549703
0.4373109991196912
0.4621675259795368
0.4780970971692455
0.4858752152663983
0.4858752152663983
0.4780970971692455
0.4621675259795368
0.4373109991196911
0.4022933955497029
0.3553449851600143
0.2940892934913304
0.2155550585821697
0.2551390398006264
0.3445067919427168
0.4124836079211123
0.4638069684723143
0.5019993572606204
0.5295526018333953
0.5481648784174296
0.5589277041860864
0.5624500957047192
0.5589277041860865
0.5481648784174296
0.5295526018333953
0.5019993572606204
0.4638069684723143
0.4124836079211123
0.3445067919427168
0.2551390398006264
0.3074648590893685
0.4081685851280268
0.4816053575426319
0.5355485217889521
0.5751722930998802
0.603860308461177
0.6238130270361103
0.6364318471632281
0.6425476540877334
0.6425476540877334
0.6364318471632281
0.6238130270361103
0.603860308461177
0.5751722930998803
0.5355485217889521
0.481605357542632
0.4081685851280268
0.3074648590893685
0.3816087731164464
0.4924079657558962
0.5678876375654244
0.6210372061594779
0.6591859684095862
0.6866329677980869
0.7059919931339581
0.718876967916752
0.7262613179685031
0.7286677885392101
0.7262613179685031
0.718876967916752
0.7059919931339581
0.6866329677980869
0.6591859684095862
0.6210372061594779
0.5678876375654244
0.4924079657558962
0.3816087731164465
0.4979559678882903
0.6102151161245155
0.6791029171377834
0.7250039345972346
0.7569920078626391
0.7797330538245069
0.7958544754330936
0.8069145365482768
0.8138494396896092
0.8171945830382501
0.8171945830382501
0.8138494396896092
0.8069145365482768
0.7958544754330936
0.7797330538245069
0.7569920078626391
0.7250039345972346
0.6791029171377834
0.6102151161245155
0.4979559678882903
