0.002364725325311456
0.004729455148546906
0.004729455148546906
0.007769850231018453
0.008783267196201415
0.007769850231018454
0.01148604384159835
0.01385052040264722
0.01385052040264722
0.01148604384159835
0.01587851555229453
0.01993138350686095
0.02128213115025441
0.01993138350686095
0.01587851555229453
0.02094856921886423
0.02702664784016703
0.03006454429267347
0.03006454429267347
0.02702664784016703
0.02094856921886423
0.02669916485904068
0.03513860104611382
0.04019840494583348
0.04188430173860284
0.04019840494583348
0.03513860104611382
0.02669916485904067
0.03313624083231365
0.04427251262289632
0.05168646784920707
0.05539005377871217
0.05539005377871217
0.05168646784920707
0.04427251262289632
0.03313624083231365
0.04027069040858151
0.05443895086529068
0.06453583963165629
0.0705836202990841
0.07259771763666927
0.0705836202990841
0.06453583963165628
0.05443895086529067
0.0402706904085815
0.04812119479226199
0.06565719359376629
0.0787614432349074
0.08747230401754988
0.09181962839814953
0.09181962839814953
0.08747230401754988
0.07876144323490739
0.06565719359376627
0.04812119479226198
0.05671817312102737
0.07796005600816337
0.09439106353161296
0.1060736006647607
0.1130600232741863
0.1153848278467994
0.1130600232741862
0.1060736006647607
0.09439106353161295
0.07796005600816336
0.05671817312102735
0.0661092064668591
0.09140055582878386
0.1114724099866616
0.1264219969139629
0.1363351403814934
0.14127503547142
0.14127503547142
0.1363351403814934
0.1264219969139629
0.1114724099866616
0.09140055582878386
0.0661092064668591
0.07636645729951599
0.1060609987201048
0.1300827576084793
0.1485783689170396
0.1616817938333245
0.1694988273826794
0.1720968138787849
0.1694988273826794
0.1616817938333245
0.1485783689170396
0.1300827576084793
0.1060609987201047
0.07636645729951602
0.08759688944912089
0.1220653462370126
0.1503419420223877
0.1726426212282014
0.1891690494690227
0.2000878436838592
0.2055168306011262
0.2055168306011262
0.2000878436838593
0.1891690494690227
0.1726426212282014
0.1503419420223877
0.1220653462370126
0.0875968894491209
0.09995658685080183
0.1395962094934391
0.1724298535799426
0.1987704299282742
0.2189136050372165
0.2331105454804714
0.2415505352987665
0.2443506724579376
0.2415505352987665
0.2331105454804714
0.2189136050372166
0.1987704299282742
0.1724298535799426
0.1395962094934391
0.09995658685080183
0.1136713394055981
0.1589186433968374
0.1966102043855858
0.2271953404653231
0.2510996428498238
0.2686898285939315
0.2802529442647845
0.285984937293771
0.2859849372937711
0.2802529442647845
0.2686898285939315
0.2510996428498239
0.2271953404653231
0.1966102043855858
0.1589186433968374
0.1136713394055981
0.1290672358485871
0.1804143701020693
0.2232634049487811
0.2582581133173872
0.2860042142684502
0.3070249201718075
0.321737847224282
0.330444541228948
0.3333265811906694
0.330444541228948
0.321737847224282
0.3070249201718076
0.2860042142684502
0.2582581133173873
0.223263404948781
0.1804143701020693
0.1290672358485871
0.1466179431528993
0.2046326546231866
0.2529331796677959
0.2924462380357267
0.3240296736317463
0.3484180589228831
0.3662004491338397
0.3778149619418216
0.3835505634306551
0.3835505634306551
0.3778149619418216
0.3662004491338397
0.3484180589228831
0.3240296736317462
0.2924462380357267
0.2529331796677959
0.2046326546231866
0.1466179431528993
0.1670211129317145
0.232368826955351
0.2863945871449661
0.3304481160474448
0.3657453079665771
0.3933065445310485
0.4139430453545415
0.42826440088427
0.4366925413887662
0.4394747793754051
0.4366925413887662
0.42826440088427
0.4139430453545414
0.3933065445310485
0.3657453079665771
0.3304481160474449
0.2863945871449661
0.232368826955351
0.1670211129317145
0.1913283302560662
0.2647905637193436
0.3247562895064207
0.3732287171688209
0.4119409976984819
0.4423006749903352
0.4654029617273102
0.4820663605658758
0.4928695866173736
0.4981815180725825
0.4981815180725825
0.4928695866173736
0.4820663605658758
0.4654029617273102
0.442300674990335
0.4119409976984819
0.3732287171688208
0.3247562895064207
0.2647905637193436
0.1913283302560662
0.2211798035864945
0.3036502542461709
0.3696187294798406
0.4221365377994837
0.4636960643338326
0.4962274567677091
0.5211811884578902
0.5396204118712935
0.5522982504946521
0.5597149682605483
0.5621562481857474
0.5597149682605483
0.5522982504946522
0.5396204118712935
0.5211811884578902
0.4962274567677091
0.4636960643338326
0.4221365377994837
0.3696187294798406
0.3036502542461709
0.2211798035864945
0.2592606592264285
0.3516598408499112
0.4233243891071684
0.4790545293711452
0.5224651405129337
0.5561778351877277
0.582068331021828
0.6014676915042187
0.6153064537294697
0.6242121856717167
0.6285725018874126
0.6285725018874126
0.6242121856717168
0.6153064537294696
0.6014676915042187
0.582068331021828
0.5561778351877276
0.5224651405129338
0.4790545293711452
0.4233243891071684
0.3516598408499111
0.2592606592264285
0.3102767371577763
0.4131869650228602
0.4893570759489497
0.5466060524655298
0.5901765224649657
0.6235495974965461
0.6490607105112386
0.6682954350999184
0.6823346962103451
0.6919058824559715
0.6974754727398972
0.6993040601925667
0.6974754727398972
0.6919058824559715
0.6823346962103451
0.6682954350999184
0.6490607105112386
0.6235495974965461
0.5901765224649657
0.54660605246553
0.4893570759489496
0.4131869650228603
0.3102767371577763
0.3833285517968155
0.4956075451767312
0.5729600056901675
0.6284053120610458
0.6693186335584443
0.7000653682558911
0.7233522332758194
0.740921092084847
0.7539203821624832
0.7631126515228015
0.7689941737498996
0.77186438353432
0.7718643835343201
0.7689941737498996
0.7631126515228015
0.7539203821624832
0.7409210920848469
0.7233522332758193
0.7000653682558909
0.6693186335584443
0.6284053120610458
0.5729600056901675
0.4956075451767312
0.3833285517968155
0.4988174083217802
0.6119410904861675
0.6819519692938887
0.729251240550332
0.762938966191459
0.7877197114335801
0.8062756723655056
0.8202411482873366
0.8306568583048723
0.8382017970305415
0.8433192323328966
0.8462876868522804
0.8472607972795201
0.8462876868522804
0.8433192323328966
0.8382017970305415
0.8306568583048723
0.8202411482873366
0.8062756723655056
0.7877197114335801
0.7629389661914592
0.729251240550332
0.6819519692938888
0.6119410904861675
0.4988174083217802
