0.001488968569112608
0.002977939614325798
0.002977939614325798
0.004892341091465574
0.005530461043649401
0.004892341091465575
0.007232208656318908
0.008721115870645568
0.008721115870645568
0.007232208656318908
0.009997664544440642
0.01254995016521944
0.01340065982964885
0.01254995016521944
0.009997664544440642
0.01318903636527133
0.01701716548962017
0.0189309444525396
0.0189309444525396
0.01701716548962018
0.01318903636527133
0.01680706375611357
0.02212333614637199
0.02531213687987463
0.02637489460331334
0.02531213687987463
0.02212333614637199
0.01680706375611357
0.02085322630757568
0.02786977849068348
0.03254493004704789
0.03488165935665957
0.03488165935665957
0.03254493004704789
0.02786977849068349
0.02085322630757568
0.02533023195918481
0.03425912620630784
0.04063110133580215
0.04445170162534798
0.04572477769907307
0.04445170162534798
0.04063110133580215
0.03425912620630784
0.02533023195918481
0.03024271184005726
0.04129617425255027
0.0495743760168236
0.05508685374135633
0.05784106223521826
0.05784106223521826
0.05508685374135632
0.0495743760168236
0.04129617425255026
0.03024271184005726
0.03559817625235891
0.04898906475237735
0.05938168310853607
0.06679149915862335
0.07123158661951916
0.0727106076423437
0.07123158661951914
0.06679149915862335
0.05938168310853607
0.04898906475237734
0.03559817625235891
0.04140829876673931
0.05735090209591541
0.07006490499146734
0.07957428303671549
0.0859004451733604
0.08905930240978305
0.08905930240978305
0.0859004451733604
0.07957428303671547
0.07006490499146732
0.05735090209591541
0.04140829876673931
0.04769061379462826
0.0664019047680106
0.08164324063837546
0.09345047928754462
0.101856944855122
0.1068893375600272
0.108564829975348
0.1068893375600272
0.101856944855122
0.0934504792875446
0.08164324063837546
0.0664019047680106
0.04769061379462826
0.05447074158116411
0.07617223230235663
0.0941463296405312
0.108445162360599
0.1191186203866084
0.1262088146718329
0.1297460179283972
0.1297460179283972
0.1262088146718329
0.1191186203866083
0.108445162360599
0.09414632964053118
0.07617223230235663
0.05447074158116412
0.0617852997031719
0.0867056742289459
0.1076183265801811
0.1245973632514693
0.1377152395531831
0.1470354164733274
0.1526069105742675
0.154460569244177
0.1526069105742675
0.1470354164733274
0.1377152395531831
0.1245973632514693
0.1076183265801811
0.0867056742289459
0.0617852997031719
0.06968573200408354
0.09806446469428491
0.1221231822891043
0.1419654385588053
0.1576939947371055
0.1694012336259281
0.1771620642549804
0.1810289839331103
0.1810289839331103
0.1771620642549804
0.1694012336259281
0.1576939947371055
0.1419654385588052
0.1221231822891043
0.09806446469428493
0.06968573200408355
0.07824340097112253
0.1103356086444706
0.1377514947564607
0.1606339601440757
0.1791261244455414
0.1933589352718514
0.2034421537666708
0.209458114137616
0.2114577009782857
0.209458114137616
0.2034421537666709
0.1933589352718514
0.1791261244455415
0.1606339601440757
0.1377514947564608
0.1103356086444706
0.07824340097112256
0.08755647560844157
0.1236393007219381
0.1546294604955676
0.1807225574994193
0.2021152861638602
0.2189895045708416
0.2315010138708663
0.2397720048106237
0.2438862388427065
0.2438862388427065
0.2397720048106237
0.2315010138708664
0.2189895045708416
0.2021152861638602
0.1807225574994193
0.1546294604955676
0.1236393007219381
0.08755647560844158
0.09775945217867743
0.1381403326156614
0.1729307227757764
0.2023973393655555
0.2268081241657136
0.2464118189309019
0.2614242658629681
0.2720196706443271
0.2783253129989879
0.2804185487280246
0.2783253129989879
0.2720196706443272
0.2614242658629681
0.2464118189309019
0.2268081241657136
0.2023973393655555
0.1729307227757765
0.1381403326156614
0.09775945217867744
0.1090366570745102
0.1540638986720727
0.1928923343676737
0.2258858211462095
0.2534076620323751
0.2757944472864347
0.2933396989215267
0.3062843399414765
0.3148115663736686
0.3190443459362847
0.3190443459362847
0.3148115663736687
0.3062843399414765
0.2933396989215267
0.2757944472864347
0.2534076620323751
0.2258858211462095
0.1928923343676737
0.1540638986720728
0.1090366570745102
0.1216419638030306
0.1717180669121621
0.2148367264777478
0.2514967438325768
0.2821904230976151
0.3073701706488533
0.3274296113209587
0.3426941535583986
0.3534171596854969
0.3597790663771941
0.3618877436979137
0.3597790663771941
0.3534171596854969
0.3426941535583986
0.3274296113209587
0.3073701706488534
0.2821904230976151
0.2514967438325769
0.2148367264777479
0.1717180669121621
0.1216419638030307
0.1359285324223848
0.1915266506223882
0.2392026688500259
0.2796468692028579
0.3135285692472221
0.3414539065606648
0.3639453578221499
0.3814342666696453
0.3942603065721519
0.4026740127302367
0.4068400730274669
0.4068400730274669
0.4026740127302367
0.3942603065721519
0.3814342666696452
0.3639453578221499
0.3414539065606648
0.3135285692472221
0.2796468692028579
0.2392026688500259
0.1915266506223882
0.1359285324223848
0.1523953158313551
0.2140788106658282
0.2665900094490766
0.3108978939935067
0.3479188711707065
0.3784649126045655
0.4032243656906345
0.4227602291026489
0.4375163811655982
0.4478263335809085
0.4539216245783841
0.455938415095443
0.4539216245783841
0.4478263335809085
0.4375163811655983
0.4227602291026489
0.4032243656906345
0.3784649126045655
0.3479188711707065
0.3108978939935068
0.2665900094490767
0.2140788106658283
0.1523953158313551
0.1717628272565752
0.2402064776865078
0.2978260091082253
0.3460082051569714
0.3860209728762679
0.4189542916997712
0.4457098009124119
0.4670123595253673
0.4834290531493037
0.4953885374429946
0.5031976007570158
0.5070537876768699
0.5070537876768699
0.5031976007570159
0.4953885374429946
0.4834290531493036
0.4670123595253672
0.4457098009124119
0.4189542916997712
0.3860209728762679
0.3460082051569714
0.2978260091082253
0.2402064776865078
0.1717628272565752
0.1951026219961393
0.2711097792983112
0.3340662368140578
0.3860064729899106
0.4287080770683338
0.4636387488122207
0.4919727387444933
0.5146304731543293
0.5323206075268978
0.5455766071928705
0.5547856757936115
0.5602100888414308
0.5620016608143787
0.5602100888414306
0.5547856757936115
0.5455766071928705
0.5323206075268977
0.5146304731543293
0.4919727387444934
0.4636387488122207
0.4287080770683338
0.3860064729899106
0.3340662368140578
0.2711097792983113
0.1951026219961393
0.2240717110907895
0.3085688404453018
0.3769517657418357
0.4322970496122378
0.4771334348429885
0.5134408438835162
0.5427358252762731
0.566167587534006
0.5846000743368496
0.5986754375497773
0.6088607159218088
0.6154809069074006
0.6187413144854147
0.6187413144854147
0.6154809069074008
0.6088607159218087
0.5986754375497773
0.5846000743368496
0.566167587534006
0.5427358252762731
0.5134408438835162
0.4771334348429884
0.4322970496122379
0.3769517657418358
0.3085688404453019
0.2240717110907895
0.2613687710770712
0.3553183598897389
0.4288588802711406
0.4868099168264727
0.5328146145297745
0.5695337312144682
0.5988954622386924
0.6222998210886321
0.6407668752034481
0.6550397760383543
0.6656551791641848
0.6729908424392645
0.6772971702473045
0.6787171183900964
0.6772971702473045
0.6729908424392645
0.6656551791641848
0.6550397760383542
0.6407668752034481
0.6222998210886322
0.5988954622386924
0.5695337312144682
0.5328146145297745
0.4868099168264727
0.4288588802711406
0.3553183598897389
0.2613687710770712
0.3117100320084296
0.4157437807866353
0.4932982335195116
0.5522062499091295
0.5977310546532004
0.6333826441008952
0.6615355623543033
0.6838271941584741
0.7014062148658009
0.7150880357117404
0.7254533348080712
0.7329112668222602
0.7377401274945021
0.7401130318620477
0.7401130318620477
0.7377401274945022
0.7329112668222602
0.7254533348080713
0.7150880357117404
0.7014062148658009
0.6838271941584741
0.6615355623543033
0.6333826441008952
0.5977310546532004
0.5522062499091295
0.4932982335195117
0.4157437807866354
0.3117100320084296
0.3842034815139566
0.4972341463921406
0.5755331832660843
0.6321290089933868
0.6744104898962129
0.7067625214732295
0.7319185139330865
0.7516559865932221
0.7671702995127097
0.7792852670774306
0.7885769692482852
0.795449021177696
0.8001793479079077
0.8029493664785911
0.803861641928081
0.8029493664785911
0.8001793479079077
0.795449021177696
0.7885769692482855
0.7792852670774306
0.7671702995127095
0.7516559865932221
0.7319185139330865
0.7067625214732296
0.6744104898962129
0.6321290089933868
0.5755331832660844
0.4972341463921406
0.3842034815139567
0.4992553435955819
0.6128178978205836
0.6833965298481912
0.7313974414898041
0.7659285137315961
0.7917056662328821
0.8114268541736569
0.8267476277585304
0.8387368529672181
0.8481104297823234
0.8553598173705748
0.8608265169382603
0.8647468799720885
0.8672796222818284
0.8685226291739461
0.8685226291739461
0.8672796222818284
0.8647468799720888
0.8608265169382603
0.8553598173705748
0.8481104297823234
0.8387368529672181
0.8267476277585304
0.8114268541736571
0.7917056662328821
0.7659285137315961
0.7313974414898041
0.6833965298481914
0.6128178978205836
0.4992553435955819
