0.03731882928000359
0.07463777753718301
0.07463777753718301
0.1227062128490509
0.1385266013114685
0.1227062128490509
0.1821310757399219
0.2182363219541769
0.2182363219541769
0.1821310757399219
0.2552257699708422
0.3144878527831989
0.333331106976015
0.3144878527831989
0.2552257699708422
0.3487763894189153
0.4307342442096713
0.4672698377373364
0.4672698377373364
0.4307342442096713
0.3487763894189153
0.4813397235340836
0.5765827426717707
0.6220638894879751
0.6357333351185925
0.6220638894879751
0.5765827426717707
0.4813397235340835
